337
0.488724 0.401153 -0.000192299 -0.0135312 0.00500000 10.0000 0 204 0
0.326404 0.389137 -0.00913897 -0.0117065 0.00500000 10.0000 0 204 0
0.232040 0.215311 -0.000698147 0.00539372 0.00500000 10.0000 144 204 144
0.463124 0.647406 0.0106041 0.00287402 0.00500000 10.0000 0 24 0
0.464162 0.739565 0.00579631 0.00574706 0.00500000 10.0000 89 0 89
0.204279 0.619634 -0.00448456 0.00202093 0.00500000 10.0000 0 58 0
0.304743 0.626004 0.0109508 0.00253871 0.00500000 10.0000 0 50 0
0.0627704 0.140461 0.0109022 0.000964851 0.00500000 10.0000 204 172 204
0.148067 0.338896 0.0121386 0.00257020 0.00500000 10.0000 0 204 0
0.225038 0.0145865 -0.0125342 0.000607915 0.00500000 10.0000 204 18 204
0.211996 0.527577 0.00708037 0.0125222 0.00500000 10.0000 0 170 0
0.0523956 0.445187 0.00863327 0.0126591 0.00500000 10.0000 0 204 0
0.0737391 0.679215 -0.00721137 -0.00500283 0.00500000 10.0000 15 0 15
0.428335 0.585234 0.00101679 -0.00486227 0.00500000 10.0000 0 100 0
0.438238 0.852275 -0.00785562 -0.00856527 0.00500000 10.0000 204 0 204
0.0803514 0.0304158 -0.00786328 0.00806144 0.00500000 10.0000 204 37 204
0.166387 0.201144 0.0108021 0.00508012 0.00500000 10.0000 162 204 162
0.0338038 0.579132 0.00366963 -0.00669282 0.00500000 10.0000 0 107 0
0.409467 0.760709 0.00553352 0.00171050 0.00500000 10.0000 115 0 115
0.424685 0.0238616 0.0115296 -0.00680411 0.00500000 10.0000 204 29 204
0.327673 0.465013 -0.00195609 0.000410863 0.00500000 10.0000 0 204 0
0.241847 0.960591 -0.00775536 -0.00954485 0.00500000 10.0000 204 0 204
0.366783 0.175445 -0.00885773 0.00347076 0.00500000 10.0000 193 204 193
0.110993 0.192475 -0.00351794 0.00637144 0.00500000 10.0000 172 204 172
0.322565 0.120105 -0.00600709 0.00922268 0.00500000 10.0000 204 147 204
0.462585 0.341450 -0.000530465 0.000400203 0.00500000 10.0000 0 204 0
0.270179 0.126902 -0.00184050 -0.00198953 0.00500000 10.0000 204 155 204
0.368910 0.936582 0.00143329 0.00326136 0.00500000 10.0000 204 0 204
0.109188 0.164182 0.0167059 -0.00316287 0.00500000 10.0000 204 201 204
0.119017 0.908458 -0.00711600 0.00344023 0.00500000 10.0000 204 0 204
0.460412 0.406096 0.00279383 0.000706360 0.00500000 10.0000 0 204 0
0.168562 0.550882 0.0101045 -0.00348017 0.00500000 10.0000 0 142 0
0.125416 0.893575 0.00281775 0.00224959 0.00500000 10.0000 204 0 204
0.197420 0.883267 0.00805611 0.00815012 0.00500000 10.0000 204 0 204
0.275916 0.402583 -0.00612266 -0.00883819 0.00500000 10.0000 0 204 0
0.262472 0.617883 0.00289080 0.00458616 0.00500000 10.0000 0 60 0
0.422631 0.227325 -0.00361609 0.00110844 0.00500000 10.0000 130 204 130
0.191971 0.180006 0.00361188 0.00425166 0.00500000 10.0000 188 204 188
0.0560569 0.0895790 -0.00490634 0.00410846 0.00500000 10.0000 204 110 204
0.345170 0.923143 -0.00608256 -0.00596414 0.00500000 10.0000 204 0 204
0.395189 0.473080 0.00312661 -0.0129136 0.00500000 10.0000 0 204 0
0.0441140 0.770061 0.00493169 -0.00838935 0.00500000 10.0000 127 0 127
0.303558 0.913875 0.00742124 0.00220413 0.00500000 10.0000 204 0 204
0.210355 0.872311 0.00493115 0.00187508 0.00500000 10.0000 204 0 204
0.434757 0.336787 -0.00212779 -0.00562048 0.00500000 10.0000 0 204 0
0.485336 0.346489 -0.00425601 -0.00135185 0.00500000 10.0000 0 204 0
0.221749 0.522366 -0.00400008 -0.000890285 0.00500000 10.0000 0 177 0
0.105027 0.548212 -0.000635935 -0.00816708 0.00500000 10.0000 0 145 0
0.463922 0.664221 0.0110760 0.00618846 0.00500000 10.0000 0 3 0
0.464077 0.430196 -0.00161574 -0.00589405 0.00500000 10.0000 0 204 0
0.434069 0.744923 -0.00182636 0.00354306 0.00500000 10.0000 96 0 96
0.350931 0.466219 0.000518083 0.00536221 0.00500000 10.0000 0 204 0
0.224796 0.841103 0.00737319 -0.00482993 0.00500000 10.0000 204 0 204
0.0815065 0.851350 0.00255680 0.000386652 0.00500000 10.0000 204 0 204
0.211912 0.209441 -0.00324447 0.00432236 0.00500000 10.0000 152 204 152
0.183290 0.130724 -0.00323886 0.00600516 0.00500000 10.0000 204 160 204
0.226349 0.656027 -0.0146635 0.00342448 0.00500000 10.0000 0 13 0
0.368742 0.602716 0.000328021 0.00245931 0.00500000 10.0000 0 78 0
0.389131 0.348576 -0.00431808 -0.00419510 0.00500000 10.0000 0 204 0
0.215752 0.587228 0.00963753 0.0124368 0.00500000 10.0000 0 97 0
0.100764 0.441803 0.00461413 2.91414e-07 0.00500000 10.0000 0 204 0
0.242345 0.326991 0.00464419 0.000969465 0.00500000 10.0000 8 204 8
0.146055 0.574806 -0.0147849 0.00696124 0.00500000 10.0000 0 112 0
0.159226 0.834781 -0.00534460 0.000815184 0.00500000 10.0000 204 0 204
0.427831 0.412280 -0.00493603 -0.000467914 0.00500000 10.0000 0 204 0
0.196937 0.853514 0.00502570 0.00268470 0.00500000 10.0000 204 0 204
0.0871527 0.547091 -0.00287821 0.000916410 0.00500000 10.0000 0 146 0
0.374937 0.617820 0.0159836 -0.00958784 0.00500000 10.0000 0 60 0
0.103092 0.292292 -0.00419124 -0.000486959 0.00500000 10.0000 50 204 50
0.463951 0.477240 -0.00796838 0.00287761 0.00500000 10.0000 0 204 0
0.398358 0.365996 -0.00196588 0.00663046 0.00500000 10.0000 0 204 0
0.135067 0.947740 0.00221567 0.00448137 0.00500000 10.0000 204 0 204
0.0659737 0.0196995 0.00286329 0.00389632 0.00500000 10.0000 204 24 204
0.192940 0.552075 0.00679945 -0.00427738 0.00500000 10.0000 0 140 0
0.270121 0.755354 -0.00686702 -0.00428943 0.00500000 10.0000 109 0 109
0.102789 0.153024 -0.00367682 0.00665398 0.00500000 10.0000 204 187 204
0.0104251 0.601401 -0.00185242 -0.00475539 0.00500000 10.0000 0 80 0
0.355937 0.940605 0.00630820 -0.00313177 0.00500000 10.0000 204 0 204
0.270085 0.489649 0.00435777 -0.000704410 0.00500000 10.0000 0 204 0
0.278028 0.171074 0.00244042 0.00454983 0.00500000 10.0000 199 204 199
0.0967702 1.58025 0.00472954 0.00194301 0.00500000 10.0000 0 106 0
0.449441 0.487901 0.000626087 0.00644755 0.00500000 10.0000 0 204 0
0.492522 0.152956 -0.00312771 -0.00456431 0.00500000 10.0000 204 187 204
0.306108 0.327014 0.00123277 0.000413367 0.00500000 10.0000 8 204 8
0.401377 0.526439 -0.00253788 -0.00411396 0.00500000 10.0000 0 172 0
0.357157 0.186174 0.00268171 5.94851e-05 0.00500000 10.0000 180 204 180
0.424903 0.390952 -0.00639527 0.0102206 0.00500000 10.0000 0 204 0
0.171365 0.993373 -0.00333643 -0.00218652 0.00500000 10.0000 204 0 204
0.389832 0.849680 -0.00163807 -0.00453511 0.00500000 10.0000 204 0 204
0.141711 0.0294699 -0.00570719 0.00413355 0.00500000 10.0000 204 36 204
0.0738866 0.919695 -0.00443632 -0.00107438 0.00500000 10.0000 204 0 204
0.358769 0.753110 0.000435016 0.00517832 0.00500000 10.0000 106 0 106
0.222892 0.490164 0.00400219 0.00201084 0.00500000 10.0000 0 204 0
0.279319 0.965977 0.00116262 0.0133741 0.00500000 10.0000 204 0 204
0.0265449 0.503636 -0.00387737 -0.00142572 0.00500000 10.0000 0 200 0
0.483491 0.847626 -0.00464369 0.00255681 0.00500000 10.0000 204 0 204
0.240624 0.922047 0.000682990 0.0109232 0.00500000 10.0000 204 0 204
0.216524 0.138355 -0.000726067 0.00500326 0.00500000 10.0000 204 169 204
0.240393 0.607468 0.00608646 0.00254166 0.00500000 10.0000 0 72 0
0.432432 0.716935 0.00197694 -0.00384954 0.00500000 10.0000 62 0 62
0.140887 0.930221 -0.0131197 0.00940602 0.00500000 10.0000 204 0 204
0.0696485 0.532197 0.00347398 0.00729336 0.00500000 10.0000 0 165 0
0.285279 0.571984 0.00736715 -0.00185461 0.00500000 10.0000 0 116 0
0.204113 0.0826772 -0.00448184 -0.00344495 0.00500000 10.0000 204 101 204
0.419298 0.764485 -0.000956849 -0.00248221 0.00500000 10.0000 120 0 120
0.264321 0.859831 0.00528146 -0.00470442 0.00500000 10.0000 204 0 204
0.376673 0.372648 0.00329546 -0.00429679 0.00500000 10.0000 0 204 0
0.300708 0.235380 -0.0123338 0.000526554 0.00500000 10.0000 120 204 120
0.209212 0.561260 -0.00667728 -0.00342333 0.00500000 10.0000 0 129 0
0.0660429 0.297103 0.00796997 0.00798607 0.00500000 10.0000 44 204 44
0.133815 0.306814 0.00935456 -2.11207e-05 0.00500000 10.0000 32 204 32
0.169668 0.0698378 -0.00952318 -0.00292008 0.00500000 10.0000 204 85 204
0.157722 0.684384 0.00836143 -0.00407523 0.00500000 10.0000 22 0 22
0.253977 0.489090 0.00724185 0.00142429 0.00500000 10.0000 0 204 0
0.140834 0.960214 0.00415109 0.00127893 0.00500000 10.0000 204 0 204
0.251785 0.260715 -0.00258702 0.00340657 0.00500000 10.0000 89 204 89
0.297236 0.445169 -0.00188982 -0.00199174 0.00500000 10.0000 0 204 0
0.379960 0.510348 0.000696095 0.00517536 0.00500000 10.0000 0 191 0
0.419731 0.118863 -0.00357447 0.00104482 0.00500000 10.0000 204 145 204
0.121615 0.656603 0.00703099 0.00595656 0.00500000 10.0000 0 12 0
0.438813 0.967195 0.00561872 0.00335569 0.00500000 10.0000 204 0 204
0.417209 0.573281 -0.00585302 0.00734238 0.00500000 10.0000 0 114 0
0.261763 0.147434 0.00420188 0.00617393 0.00500000 10.0000 204 180 204
0.460611 0.720078 0.00234374 -0.00192771 0.00500000 10.0000 65 0 65
0.272558 0.454204 0.00263706 -0.00389606 0.00500000 10.0000 0 204 0
0.104704 0.847692 -0.00613748 -0.00767836 0.00500000 10.0000 204 0 204
0.122209 0.153004 0.00704501 -0.00421065 0.00500000 10.0000 204 187 204
0.380105 0.490795 0.00195512 0.000365640 0.00500000 10.0000 0 204 0
0.251328 0.712598 -0.00243485 -0.0107262 0.00500000 10.0000 56 0 56
0.182831 0.872333 0.00347325 0.00465836 0.00500000 10.0000 204 0 204
0.322252 0.475419 0.00790072 -0.00659679 0.00500000 10.0000 0 204 0
0.0374965 0.956071 0.00809531 -0.00595373 0.00500000 10.0000 204 0 204
0.0128676 0.957483 -0.00242793 0.00664073 0.00500000 10.0000 204 0 204
0.0470207 0.207117 0.00888098 0.00154485 0.00500000 10.0000 154 204 154
0.468433 0.708983 0.000186819 0.00588368 0.00500000 10.0000 52 0 52
0.148006 0.149610 0.00655189 -0.00313495 0.00500000 10.0000 204 183 204
0.142511 0.821509 0.00111753 -0.00575071 0.00500000 10.0000 190 0 190
0.399344 0.131582 0.000571955 0.00595565 0.00500000 10.0000 204 161 204
0.108135 0.122849 0.0151297 0.00100130 0.00500000 10.0000 204 150 204
0.0866897 0.871976 -0.00720487 0.000252880 0.00500000 10.0000 204 0 204
0.145870 0.251025 -0.00215874 0.0114042 0.00500000 10.0000 101 204 101
0.468325 0.0699166 0.00279188 0.00387788 0.00500000 10.0000 204 86 204
0.248009 0.458210 -0.00234972 0.00463830 0.00500000 10.0000 0 204 0
0.0734803 0.356160 0.00744917 -0.00867963 0.00500000 10.0000 0 204 0
0.219629 0.416934 0.00974624 0.000218937 0.00500000 10.0000 0 204 0
0.325502 0.780934 0.00482899 0.000125205 0.00500000 10.0000 140 0 140
0.319428 0.700661 0.0118986 -0.00601436 0.00500000 10.0000 42 0 42
0.0958027 0.0683108 0.00799618 -0.00873249 0.00500000 10.0000 204 84 204
0.0806917 0.477354 -6.85660e-05 0.00122616 0.00500000 10.0000 0 204 0
0.430639 0.452500 -0.0110791 -0.0149193 0.00500000 10.0000 0 204 0
0.193470 0.592984 0.00616899 0.00753091 0.00500000 10.0000 0 90 0
0.0240852 0.860447 -0.00994119 0.000925052 0.00500000 10.0000 204 0 204
0.0361253 0.0328629 0.00279744 0.00757098 0.00500000 10.0000 204 40 204
0.361600 0.794797 -0.00194434 0.00438825 0.00500000 10.0000 157 0 157
0.355140 0.311125 0.00632896 0.000577774 0.00500000 10.0000 27 204 27
0.461037 0.798545 -0.00446638 -0.00400997 0.00500000 10.0000 161 0 161
0.0778830 0.233829 -0.00157517 -0.0175011 0.00500000 10.0000 122 204 122
0.229827 0.0594653 3.13317e-05 0.00522153 0.00500000 10.0000 204 73 204
0.171674 0.538652 -0.00789679 -0.0148223 0.00500000 10.0000 0 157 0
0.414755 0.245427 0.00531403 0.00908676 0.00500000 10.0000 108 204 108
0.00998828 0.183800 -0.00669272 0.00811146 0.00500000 10.0000 183 204 183
0.0316707 0.438833 0.00530516 0.00373835 0.00500000 10.0000 0 204 0
0.309154 0.514336 -0.000412690 -0.00115821 0.00500000 10.0000 0 186 0
0.481191 0.0252541 0.00655778 0.00153582 0.00500000 10.0000 204 31 204
0.415059 0.324399 0.00188244 -0.00728875 0.00500000 10.0000 11 204 11
0.132640 0.850568 -0.00259688 -0.00533266 0.00500000 10.0000 204 0 204
0.0942979 0.525492 -0.000197797 -0.00465989 0.00500000 10.0000 0 173 0
0.488695 0.162267 -0.00606597 -0.00550912 0.00500000 10.0000 204 199 204
0.0772041 0.291890 -0.00574632 0.00133140 0.00500000 10.0000 51 204 51
0.441281 0.0538355 -0.000989538 -0.000301149 0.00500000 10.0000 204 66 204
0.373099 0.258139 -0.00240637 0.0105076 0.00500000 10.0000 92 204 92
0.0801687 0.104340 0.000882605 -0.00485695 0.00500000 10.0000 204 128 204
0.293576 0.0715204 -0.00251136 0.00161711 0.00500000 10.0000 204 88 204
0.288034 0.492857 -0.00231378 -0.00928006 0.00500000 10.0000 0 204 0
0.462381 0.184334 -0.0152692 0.00263187 0.00500000 10.0000 182 204 182
0.462347 0.680054 0.00210485 -0.000692462 0.00500000 10.0000 16 0 16
0.287098 0.742875 -0.00614015 0.00113366 0.00500000 10.0000 93 0 93
0.385489 0.874366 -0.00134078 0.000926932 0.00500000 10.0000 204 0 204
0.329385 0.890091 0.00235322 8.98019e-05 0.00500000 10.0000 204 0 204
0.407392 0.717009 -0.00410128 0.00824419 0.00500000 10.0000 62 0 62
0.485654 0.617162 0.00491116 0.00275478 0.00500000 10.0000 0 61 0
0.482985 0.245254 -0.00520176 -0.00344942 0.00500000 10.0000 108 204 108
0.0442332 0.970617 -0.0132210 0.0102836 0.00500000 10.0000 204 0 204
0.366518 0.966500 0.00224884 -0.00294706 0.00500000 10.0000 204 0 204
0.285103 0.929082 -0.00145419 0.00604792 0.00500000 10.0000 204 0 204
0.0825497 0.810152 -0.00571771 -0.00154931 0.00500000 10.0000 176 0 176
0.0932064 0.555264 0.000278780 -0.00206832 0.00500000 10.0000 0 136 0
0.307319 0.0785418 -0.00493693 -0.00318811 0.00500000 10.0000 204 96 204
0.0426107 0.650236 0.00333760 0.00117217 0.00500000 10.0000 0 20 0
0.0707359 0.986046 -0.00376091 0.00199334 0.00500000 10.0000 204 0 204
0.222412 0.642842 -0.000218393 0.00447322 0.00500000 10.0000 0 29 0
0.00979689 0.810228 0.00197029 0.000500981 0.00500000 10.0000 176 0 176
0.242878 0.378083 0.000577396 -0.00103452 0.00500000 10.0000 0 204 0
0.223319 0.790842 0.00411452 0.00767944 0.00500000 10.0000 152 0 152
0.0622204 0.667010 0.000726409 -0.00844647 0.00500000 10.0000 0 0 0
0.303343 0.468422 0.0102338 -0.00464213 0.00500000 10.0000 0 204 0
0.174821 0.761784 -0.00273015 0.000535334 0.00500000 10.0000 116 0 116
0.474331 0.550115 -0.00272315 0.00969107 0.00500000 10.0000 0 143 0
0.400457 0.843929 -0.000634961 0.00399872 0.00500000 10.0000 204 0 204
0.0578496 0.826488 0.00581436 0.00144336 0.00500000 10.0000 196 0 196
0.317567 0.197786 -0.00465748 0.00139626 0.00500000 10.0000 166 204 166
0.0102439 0.270057 0.000189986 -0.00912212 0.00500000 10.0000 77 204 77
0.412403 0.856412 0.00321737 0.00639026 0.00500000 10.0000 204 0 204
0.156508 0.390983 -0.00251497 -0.00375828 0.00500000 10.0000 0 204 0
0.301289 0.775051 0.00325012 -0.00238883 0.00500000 10.0000 133 0 133
0.232661 0.520866 0.00585345 0.00623416 0.00500000 10.0000 0 178 0
0.439503 0.811066 -0.0129484 0.00773169 0.00500000 10.0000 177 0 177
0.435406 0.903260 -0.00543236 0.00797276 0.00500000 10.0000 204 0 204
0.464361 0.765580 -0.00457997 -0.0109051 0.00500000 10.0000 121 0 121
0.00655823 0.992338 -0.00970501 0.00741204 0.00500000 10.0000 204 0 204
0.356813 0.884246 0.00341111 0.00334163 0.00500000 10.0000 204 0 204
0.295020 0.306302 0.00190168 -0.00319707 0.00500000 10.0000 33 204 33
0.308028 0.415883 -0.00271139 -0.00203583 0.00500000 10.0000 0 204 0
0.390283 0.295317 -0.00365725 0.00222384 0.00500000 10.0000 47 204 47
0.0761711 0.460367 0.00303590 0.00547100 0.00500000 10.0000 0 204 0
0.300862 0.697327 0.00596505 -0.00332968 0.00500000 10.0000 38 0 38
0.0614676 0.871556 0.00539587 0.00483014 0.00500000 10.0000 204 0 204
0.320098 0.989514 -0.00615325 -0.00959492 0.00500000 10.0000 204 0 204
0.105557 0.709077 0.000696312 -0.00579291 0.00500000 10.0000 52 0 52
0.433629 0.499999 -0.00787060 0.000118117 0.00500000 10.0000 0 204 0
0.465318 0.934573 -0.00344380 0.000412460 0.00500000 10.0000 204 0 204
0.125130 0.549211 0.00152142 -0.000782651 0.00500000 10.0000 0 144 0
0.340071 0.141065 0.00530379 -0.0118201 0.00500000 10.0000 204 173 204
0.104381 0.381534 0.0114120 -0.000478384 0.00500000 10.0000 0 204 0
0.0553835 0.929804 0.00695801 -0.00134259 0.00500000 10.0000 204 0 204
0.0730008 0.694737 0.00413985 0.000895701 0.00500000 10.0000 34 0 34
0.127714 0.584079 -0.000793893 -0.000263364 0.00500000 10.0000 0 101 0
0.116439 0.0551708 0.00560646 6.89121e-05 0.00500000 10.0000 204 68 204
0.383756 0.930647 0.00465236 0.00480819 0.00500000 10.0000 204 0 204
0.0715352 0.591242 0.00397484 0.00686760 0.00500000 10.0000 0 92 0
0.446236 0.396708 0.00681634 0.000500210 0.00500000 10.0000 0 204 0
0.382703 0.471565 0.00676179 0.00115218 0.00500000 10.0000 0 204 0
0.426388 0.957183 -0.000354211 -0.00823240 0.00500000 10.0000 204 0 204
0.346168 0.177268 -0.00738101 0.00259411 0.00500000 10.0000 191 204 191
0.386661 0.862124 -0.00968662 0.00838386 0.00500000 10.0000 204 0 204
0.467905 0.599422 0.000311252 -0.00451299 0.00500000 10.0000 0 82 0
0.209478 0.783593 -0.00320844 0.00721901 0.00500000 10.0000 143 0 143
0.354288 0.356239 -0.00757208 -0.00494886 0.00500000 10.0000 0 204 0
0.00720714 0.225046 0.00247545 0.00155159 0.00500000 10.0000 133 204 133
0.0336306 0.263785 -0.00322643 -0.00752779 0.00500000 10.0000 85 204 85
0.419186 0.654352 0.00269951 0.00594126 0.00500000 10.0000 0 15 0
0.470997 0.300522 0.00556902 -0.000292512 0.00500000 10.0000 40 204 40
0.0213475 0.261821 0.00241563 -0.00377475 0.00500000 10.0000 88 204 88
0.142505 0.860767 0.00557396 -0.000787776 0.00500000 10.0000 204 0 204
0.286927 0.139142 -0.00474935 0.00578564 0.00500000 10.0000 204 170 204
0.157211 0.702009 -0.00459622 -0.00441854 0.00500000 10.0000 43 0 43
0.109405 0.958811 -0.00530149 0.00255665 0.00500000 10.0000 204 0 204
0.00590062 0.124762 -4.31842e-05 0.00160161 0.00500000 10.0000 204 153 204
0.271665 0.695033 0.00256483 0.000706020 0.00500000 10.0000 35 0 35
0.00911775 0.407263 -0.0133240 -0.00438928 0.00500000 10.0000 0 204 0
0.347350 0.892082 -0.00267323 0.00264055 0.00500000 10.0000 204 0 204
0.365573 0.0347856 -0.00116481 0.000683473 0.00500000 10.0000 204 43 204
0.300426 0.0990012 0.00900621 -0.00333306 0.00500000 10.0000 204 121 204
0.0515963 0.675883 -0.0105041 0.00753677 0.00500000 10.0000 11 0 11
0.201907 0.252185 -0.00810805 0.00236068 0.00500000 10.0000 99 204 99
0.0783843 0.745824 -0.00590472 0.00596734 0.00500000 10.0000 97 0 97
0.0506108 0.737426 -0.00484850 -0.00212681 0.00500000 10.0000 87 0 87
0.482171 0.570396 -0.00559064 -0.0126786 0.00500000 10.0000 0 118 0
0.290962 0.341192 0.00439378 -0.00421337 0.00500000 10.0000 0 204 0
0.358193 0.600997 -0.00490694 -0.00269347 0.00500000 10.0000 0 80 0
0.383911 0.946295 1.93379e-05 -0.00517654 0.00500000 10.0000 204 0 204
0.314113 0.0863006 0.000120827 0.00331194 0.00500000 10.0000 204 106 204
0.0707885 0.314823 -0.00251760 -0.000995778 0.00500000 10.0000 23 204 23
0.361985 0.549434 0.000752051 -0.00599810 0.00500000 10.0000 0 143 0
0.272315 0.557788 -0.000370973 -0.00123868 0.00500000 10.0000 0 133 0
0.478269 0.932024 -0.00861567 0.00557564 0.00500000 10.0000 204 0 204
0.266795 0.945881 0.00463636 0.00196924 0.00500000 10.0000 204 0 204
0.380080 0.0293104 0.00173944 -0.00271737 0.00500000 10.0000 204 36 204
0.205971 0.860966 -0.00761107 -0.00296178 0.00500000 10.0000 204 0 204
0.148027 0.268268 0.00579119 0.00758394 0.00500000 10.0000 80 204 80
0.406165 0.733568 0.00623025 0.00514670 0.00500000 10.0000 82 0 82
0.00695416 0.290953 -0.00645662 -0.000314936 0.00500000 10.0000 52 204 52
0.152644 0.451258 -0.00191128 0.00233760 0.00500000 10.0000 0 204 0
0.377836 0.916964 0.00166003 -0.00207321 0.00500000 10.0000 204 0 204
0.0179098 0.321344 0.000587870 -0.00663292 0.00500000 10.0000 15 204 15
0.321521 0.815730 0.00184556 0.00248079 0.00500000 10.0000 182 0 182
0.0500063 0.526771 -0.00500335 -0.000836348 0.00500000 10.0000 0 171 0
0.438196 0.227206 0.00887913 0.00179767 0.00500000 10.0000 130 204 130
0.0398778 0.786878 -0.00109454 0.00568439 0.00500000 10.0000 147 0 147
0.372736 0.732865 0.00196471 -0.00139523 0.00500000 10.0000 81 0 81
0.413477 0.611200 0.000537598 0.00384936 0.00500000 10.0000 0 68 0
0.465972 0.983131 0.00296459 -0.00157672 0.00500000 10.0000 204 0 204
0.453954 0.850689 -0.00338031 -0.00195480 0.00500000 10.0000 204 0 204
0.399552 0.867138 0.00578691 0.00348899 0.00500000 10.0000 204 0 204
0.448642 0.597221 -0.00491297 0.00444990 0.00500000 10.0000 0 85 0
0.0648403 0.959332 -0.00206098 -0.00293811 0.00500000 10.0000 204 0 204
0.116292 0.252013 -0.00541330 0.00914569 0.00500000 10.0000 100 204 100
0.0845729 0.531601 0.00725834 -0.00244968 0.00500000 10.0000 0 165 0
0.290910 0.521164 0.00799422 0.00290332 0.00500000 10.0000 0 178 0
0.366457 0.215575 -0.000929702 -0.00102708 0.00500000 10.0000 144 204 144
0.0200739 0.379267 0.00459700 -0.00658015 0.00500000 10.0000 0 204 0
0.200404 0.900325 -0.000270658 0.000513352 0.00500000 10.0000 204 0 204
0.435796 0.167464 0.00303838 -0.000982712 0.00500000 10.0000 203 204 203
0.102861 0.333511 -0.00512756 -0.00298326 0.00500000 10.0000 0 204 0
0.265536 0.278867 -0.00569400 -0.00464314 0.00500000 10.0000 67 204 67
0.387488 0.784753 0.00144998 -0.00797340 0.00500000 10.0000 145 0 145
0.440684 0.643996 -0.00383814 0.00194097 0.00500000 10.0000 0 28 0
0.305728 0.433942 -0.00304784 -0.00353661 0.00500000 10.0000 0 204 0
0.481571 0.958285 0.0118820 -0.00611334 0.00500000 10.0000 204 0 204
0.377198 0.763932 0.00309787 0.00285934 0.00500000 10.0000 119 0 119
0.464884 0.222589 -0.000413463 -0.0115119 0.00500000 10.0000 136 204 136
0.320356 0.0784461 -0.00309699 0.00469551 0.00500000 10.0000 204 96 204
0.281810 0.354359 0.00775949 -0.00353041 0.00500000 10.0000 0 204 0
0.309903 0.635577 0.00483295 0.00501208 0.00500000 10.0000 0 38 0
0.113537 0.774186 -0.00253566 0.00116328 0.00500000 10.0000 132 0 132
0.00769679 0.862916 0.00197332 -0.000948143 0.00500000 10.0000 204 0 204
0.0292977 0.0773861 0.00830369 0.00364497 0.00500000 10.0000 204 95 204
0.274847 0.795450 0.00235710 -0.00625329 0.00500000 10.0000 158 0 158
0.247377 0.624673 -0.00118944 0.00184259 0.00500000 10.0000 0 51 0
0.436971 0.952975 -0.00781101 0.000334479 0.00500000 10.0000 204 0 204
0.134380 0.910644 0.00355946 0.00326764 0.00500000 10.0000 204 0 204
0.412667 0.671122 -0.00404089 -0.00279927 0.00500000 10.0000 5 0 5
0.0282252 0.299962 -0.0104753 0.00406719 0.00500000 10.0000 41 204 41
0.493570 0.983963 -0.000328367 -0.00461656 0.00500000 10.0000 204 0 204
0.405118 0.591966 -0.000265422 0.00194928 0.00500000 10.0000 0 91 0
0.237203 0.447890 -0.00398456 0.00247069 0.00500000 10.0000 0 204 0
0.397762 0.910348 -0.00361856 0.000785731 0.00500000 10.0000 204 0 204
0.111308 0.0805053 -0.00145791 0.000722221 0.00500000 10.0000 204 99 204
0.233180 0.387048 -0.00529564 -0.00590522 0.00500000 10.0000 0 204 0
0.138136 0.124065 -0.00273254 0.00624540 0.00500000 10.0000 204 152 204
0.265546 0.254279 0.0122652 0.00147099 0.00500000 10.0000 97 204 97
0.249523 0.947482 0.000452512 0.00298432 0.00500000 10.0000 204 0 204
0.0179651 0.467309 0.00300779 -0.00315010 0.00500000 10.0000 0 204 0
0.393485 0.241355 -0.00787689 -0.00710508 0.00500000 10.0000 113 204 113
0.456876 0.841117 0.0102423 -0.00578859 0.00500000 10.0000 204 0 204
0.437102 0.703647 0.00207653 -0.00610153 0.00500000 10.0000 45 0 45
0.322263 0.834086 0.0131911 -0.00263225 0.00500000 10.0000 204 0 204
0.406806 0.686101 0.00127807 0.00520901 0.00500000 10.0000 24 0 24
0.191092 0.351719 0.00725064 -0.00387289 0.00500000 10.0000 0 204 0
0.482548 0.659729 0.00208959 -0.0110425 0.00500000 10.0000 0 8 0
0.436094 0.150891 0.00802715 0.000697756 0.00500000 10.0000 204 185 204
0.230040 0.623656 -0.00835773 0.000692477 0.00500000 10.0000 0 53 0
0.437260 0.0110800 0.00207825 -0.00445395 0.00500000 10.0000 204 14 204
0.363234 0.899868 -0.00851378 -0.00401158 0.00500000 10.0000 204 0 204
0.176869 0.914911 -0.0102193 -0.00226361 0.00500000 10.0000 204 0 204
0.419629 0.602773 -0.00324546 0.00311513 0.00500000 10.0000 0 78 0
0.475521 0.282367 -0.00193653 0.00731757 0.00500000 10.0000 62 204 62
